1.245332218  
15.23621829  
1.926697053  
14.05860171  
33.74473655  
16.1005962  
0.02423556736  
-1.134190203  
0.5234224071  
5.873562716  
13.90302665  
8.0339496  
29.13222134  
39.83362395  
26.28126595  
13.94174016  
38.4028849  
8.370674973  
5.710795435  
12.73136389  
22.74246474  
26.00307309  
3.445817207  
14.22670745  
14.56129995  
14.72269358  
4.601274742  
-30.94407468  
-45.74977366  
-5.36184831  
0.284364502  
-3.618900749  
-26.93292439  
13.66113481  
-12.67067558  
13.17081847  
-0.2192487337  
-1.40834884  
35.95452673  
24.63338343  
-3.935492595  
17.48471978  
21.24042904  
1.787640487  
-14.78949173  
-27.16035256  
-18.01120935  
16.78121875  
6.862900633  
-28.01143131  
-34.59578774  
-3.028022136  
6.921087034  
4.156306868  
40.02426856  
35.77428081  
-15.47183872  
16.24648574  
21.46858695  
-9.285644962  
24.23089898  
-6.982033826  
16.4581049  
-5.108847567  
9.091675797  
-27.76154359  
26.66303431  
-5.014698228  
-9.90721064  
-18.79562501  
0.3429487563  
11.23290996  
34.91982715  
-37.50891896  
-8.716472498  
-16.76171179  
-27.62107889  
4.078426717  
9.810191485  
-11.83721898  
18.26806353  
30.19737536  
-2.240085045  
8.47493136  
43.69073106  
13.22655596  
-28.25923358  
-15.84154438  
-17.64392243  
-40.09896953  
73.27819932  
-9.353816922  
35.59471508  
33.42062942  
-6.162626062  
19.90096256  
20.19489559  
-12.69201224  
90.4803338  
24.81882456  
0.2210546661  
5.817079416  
6.475277133  
-54.79836005  
-11.1458469  
25.23882572  
21.95231664  
13.99303187  
-12.01113337  
-9.298904379  
-1.884937067  
25.81488389  
-31.98967715  
13.27918864  
16.33039496  
-45.90803232  
-31.03660311  
-4.096906324  
-23.37483886  
10.44228917  
-1.810946092  
-28.61462756  
-27.36911872  
32.86912594  
-13.70139149  
18.24732407  
46.0618255  
-19.60896196  
0.01599450205  
2.207307288  
-2.389123657  
1.605348228  
