-13.17527438  
-10.89501242  
-12.02484194  
-23.83884361  
-43.71341556  
19.38918342  
63.36642662  
-15.47711032  
-4.02500529  
10.17877027  
4.504403082  
-5.709731357  
2.820815051  
-4.005232163  
11.31156813  
-31.07222301  
-4.947598279  
-44.87353607  
4.494564696  
-49.19749703  
-12.51133031  
0.2467153961  
20.62465341  
-32.68998359  
-39.58053624  
16.02162712  
17.65909201  
-30.40382366  
-14.18536513  
-40.02824093  
-5.901811906  
3.466160004  
17.71948055  
22.71426037  
21.32877705  
6.286103675  
-37.05412702  
-55.05624402  
-41.84394568  
-7.167475682  
16.73167046  
51.26315321  
-4.993033497  
15.34032202  
8.117230257  
-30.59955737  
-41.72368192  
27.02124499  
-20.72290722  
-0.7484202359  
-6.67533034  
-19.56982789  
15.78164032  
33.37224634  
50.63158568  
34.5604065  
57.66731681  
12.07762934  
56.62641146  
24.8749907  
8.851458354  
8.72931277  
22.54609959  
8.19060261  
-2.518504445  
-0.4777710013  
37.13693651  
67.87419447  
14.21322409  
-0.3294213645  
21.66149104  
-65.64050391  
22.6808014  
-29.19302619  
31.3208106  
12.69072479  
3.592627888  
5.303319807  
42.5748105  
4.629837444  
13.56368332  
-10.3386811  
-34.56812848  
4.185230587  
6.181720103  
-7.3586785  
-29.99295465  
20.14481265  
27.6262647  
-89.85308693  
38.98620436  
-2.471329262  
-1.426252675  
43.63148949  
-10.61701465  
46.09988482  
6.888596424  
2.835082317  
-2.844072893  
43.15369038  
-5.772464919  
4.483232659  
1.164010945  
-61.39254127  
49.86418196  
14.52020371  
5.801069694  
25.77059833  
-34.50902364  
29.72416113  
20.80100433  
42.62438745  
-5.075783135  
-0.1412654067  
-24.97180578  
28.41672466  
22.25832573  
0.06525021933  
82.24128931  
31.60542432  
0.506910046  
43.93922939  
-30.55397964  
72.7644901  
-41.5481422  
23.19383034  
38.45929746  
10.78975834  
-37.45680652  
15.79963769  
8.972422603  
-10.84450566  
