-0.2777890972  
44.77209331  
-8.036441347  
11.98164749  
36.6662674  
-21.93254618  
0.5049971734  
-11.15841966  
-1.466454218  
23.96075895  
12.92106473  
19.83824351  
11.81671006  
32.59513682  
46.15783557  
41.04296264  
39.71673618  
16.12728369  
16.21304069  
-15.5385769  
7.505541979  
37.2091905  
-21.60103606  
-9.205701919  
-20.49045346  
21.50137489  
15.84175539  
5.627179597  
-68.94497741  
43.7468884  
22.37986029  
-5.127946053  
6.892091812  
11.02482844  
-25.80684657  
25.9718944  
19.66063014  
-14.71294833  
47.14108504  
8.405716535  
8.798363826  
8.647224813  
23.48754199  
13.82373942  
19.23049203  
-3.620114827  
-3.475048013  
65.05560291  
-6.881441997  
-2.06699213  
-8.935675059  
-18.46963395  
2.013321271  
-18.55506126  
35.80458972  
22.85885548  
6.783490874  
23.84513624  
44.19230511  
20.28514946  
27.28258267  
23.86571417  
-4.842422997  
5.818081413  
23.32099533  
-7.256257994  
56.68466299  
9.503307408  
0.07962863314  
-6.440883829  
-7.342982776  
-5.538058085  
31.47357059  
5.293950785  
-11.02602227  
-33.49857338  
-50.15220536  
15.24709045  
36.2721817  
11.24682183  
22.85450546  
4.371648802  
-2.068073043  
23.22225541  
28.88829646  
-4.470191847  
-62.87249315  
-5.087152112  
2.156403987  
-0.1017855108  
3.060388706  
-11.56019827  
23.46658227  
8.355040541  
-1.043086066  
26.68555378  
11.78748167  
26.95405719  
60.14482219  
36.32674382  
17.44235371  
-5.027330288  
20.24826074  
-54.98973254  
4.582717134  
1.200578739  
16.204096  
27.63777899  
-28.22376886  
16.84447996  
-4.709837236  
30.22158957  
1.454459262  
41.45493589  
-51.2296557  
-39.55530646  
-44.43160424  
-15.92771184  
53.65494016  
21.04819673  
1.067883062  
22.62706319  
-23.76972184  
20.11985573  
-20.89854744  
-1.703475852  
8.958623675  
-5.004361308  
-9.687383326  
0.4636872222  
6.607540216  
15.14661515  
