7.66230778  
-10.21717905  
-16.55701023  
-1.591804423  
-3.961570709  
-6.261848886  
14.11966622  
-17.19144238  
-9.063089024  
-28.92436854  
6.177339798  
3.378830877  
24.90458316  
26.66868666  
0.7193424824  
-22.58334827  
8.90277919  
-30.04658614  
-29.19246084  
-1.507016644  
12.90807698  
6.224370248  
11.08259061  
-8.150609136  
-14.22575672  
14.63609111  
17.48287749  
-18.20606113  
24.73942859  
-20.84739215  
8.011656496  
-1.239147285  
8.626750619  
-18.73136213  
-4.385432281  
27.79221006  
-5.678180385  
-12.04041257  
-35.60066017  
1.604160424  
1.405353089  
44.37458764  
5.344130642  
21.47998037  
4.248283458  
-25.69701284  
8.961216889  
36.14497886  
-6.326247373  
-11.42663672  
-3.223223059  
17.07361326  
19.90273036  
23.50405678  
35.27510166  
43.79609312  
22.02526913  
16.81133454  
29.60468088  
46.64850896  
36.21736323  
19.88800877  
36.19173049  
-5.553904664  
26.24486397  
-13.03097489  
29.33985586  
36.75849581  
19.12837438  
-10.27126642  
18.57253382  
20.61971454  
60.72726147  
-12.15287149  
17.16701893  
-8.766743251  
-18.3537391  
-5.650276889  
1.448359116  
-16.53562936  
-0.538556322  
14.41755364  
-11.17483474  
6.745030901  
8.470076402  
8.525123685  
-46.5832896  
-6.169216517  
9.187132461  
-55.96881668  
54.16269403  
6.053732032  
31.31924476  
32.091921  
-21.21531048  
20.07577988  
14.82915816  
12.15120679  
3.56732929  
28.90416007  
-11.79732508  
-10.58349409  
-3.286411906  
-57.35412423  
55.26494742  
-2.310304457  
24.37670165  
-12.05835545  
-20.60120816  
-6.965214492  
10.64842125  
42.31392512  
-45.45871299  
1.264075502  
-7.43935541  
-10.50825256  
8.376965032  
-20.07000263  
49.43455187  
17.97126508  
31.34163601  
32.33989148  
-30.76475752  
32.5216592  
-22.10812948  
1.608032679  
40.43048123  
-11.5291824  
-32.31491029  
8.200725315  
8.476259189  
-3.540573607  
