-2.119509545  
-0.01664311794  
2.112028218  
4.772467281  
4.833271636  
21.68722029  
-11.8844726  
-9.762504695  
12.41934149  
26.97845631  
11.84367729  
20.73669006  
27.10735033  
16.89956399  
5.103341927  
12.25357643  
6.248059549  
-0.5917079117  
-0.2849407877  
8.873108788  
5.842187163  
-10.24651023  
5.013922633  
-28.52980886  
6.756645756  
-7.136131398  
5.846306702  
-17.72987108  
-22.92392139  
53.02583037  
-6.292205302  
-12.77739641  
-9.538392356  
16.15828761  
-0.3105648547  
23.59014767  
-12.03197148  
-12.35890245  
8.366297381  
14.60699202  
-18.23398143  
-2.206456523  
21.03075456  
-14.68941464  
-25.80004961  
-6.378126674  
8.890421412  
24.63186993  
17.90561903  
-48.31567919  
20.5480219  
8.788322296  
23.67452351  
-6.859414773  
61.6589977  
16.89837812  
-5.768930765  
0.8214780441  
49.86807743  
-10.89333572  
18.34798684  
1.504216153  
-2.826270296  
2.531170881  
27.56405284  
-5.03553511  
5.269134394  
19.53301189  
-2.657177819  
-34.7373859  
-38.14547574  
8.298011439  
20.65364274  
-29.08463429  
5.162704324  
6.663491004  
-16.37790923  
10.47769705  
18.66312377  
24.2194688  
8.048136278  
12.38825375  
26.48463757  
4.675261209  
21.61164116  
1.753606395  
-37.00329937  
13.75554168  
-2.285978549  
-2.070986971  
-14.08736525  
2.619722284  
-3.125652497  
22.23546304  
21.21590827  
11.90154092  
-0.814116223  
33.96936725  
24.99735753  
5.903778032  
1.645381279  
-9.190428353  
6.481804727  
-41.21649824  
9.189734858  
-4.626887033  
-13.25014187  
32.74378483  
-39.17835843  
4.052033964  
-7.69430009  
10.845147  
-18.50898505  
4.221320461  
-19.88047747  
-20.78418714  
-22.48348512  
8.922395199  
92.35300192  
23.98041393  
8.044854422  
15.29307531  
-10.41430642  
4.66006908  
-27.67660867  
46.85001816  
21.3057196  
-12.92509728  
-16.12871897  
-2.139947049  
-27.37872724  
48.89790913  
