-0.8561071122  
30.70799733  
-4.849723851  
9.717895248  
26.67039916  
-8.235518063  
-3.385416039  
-10.72008887  
2.893819797  
24.90834508  
12.58275466  
20.12036441  
16.61811884  
27.6665753  
33.26632791  
32.00281721  
29.20724835  
10.87735879  
11.03251511  
-7.87307173  
6.983232496  
22.30764197  
-13.24368188  
-15.27365821  
-11.93460105  
12.50892123  
12.70308793  
-1.707159988  
-54.49392117  
46.66056583  
13.37655467  
-7.529947373  
1.732761034  
12.63678422  
-17.80076777  
25.22400292  
9.708847021  
-13.97375518  
34.96542708  
10.35297695  
0.3099462342  
5.239064007  
22.716087  
4.870333557  
5.090466875  
-4.486157194  
0.4078288596  
52.36216019  
0.9019346532  
-16.58952671  
0.3224906538  
-9.91037233  
8.81514806  
-14.88251526  
43.92312363  
20.987208  
2.8419092  
16.61548511  
45.97455245  
10.49480388  
24.47703326  
16.84398774  
-4.209331569  
4.785959748  
24.65335638  
-6.558929552  
40.53969024  
12.65273152  
-0.7797550355  
-15.32625887  
-17.01526318  
-1.193398573  
28.0760087  
-5.501257088  
-5.942605709  
-20.88729712  
-39.54675005  
13.74945484  
30.74276737  
15.32035832  
18.20516248  
6.888940212  
6.897753961  
17.39832004  
26.60335639  
-2.515859066  
-54.74931636  
0.8296357926  
0.7614529488  
-0.7201337953  
-2.324171715  
-7.107566214  
15.11636362  
12.71362732  
5.946453218  
22.0432309  
7.83045818  
29.15693233  
49.1081787  
26.77363862  
12.48195174  
-6.334583303  
15.92546054  
-50.6648039  
6.029365211  
-0.6293018176  
6.955180727  
29.24111416  
-31.66361583  
12.82752832  
-5.646987408  
24.13719939  
-4.814255134  
29.7632209  
-41.38571085  
-33.66099363  
-37.53968278  
-8.124538133  
65.80650545  
21.96894126  
3.258719479  
20.32412014  
-19.57599236  
15.26533335  
-23.02692416  
13.54279038  
12.83573109  
-7.491548931  
-11.71002495  
-0.353879095  
-4.064476134  
25.74484756  
