3.373006005  
-6.808228631  
-20.91770163  
-5.334322151  
2.561493902  
14.78544597  
8.924285785  
4.957869481  
-17.02814816  
-26.22056693  
3.866489931  
13.5286628  
-6.121632804  
22.46489481  
14.45689703  
46.07434701  
29.58619836  
-0.3352244465  
-15.35768737  
15.9897006  
39.04581949  
-4.544974603  
10.84904278  
-21.4457654  
20.80686578  
-17.94087922  
-1.489497035  
-11.11120288  
5.21832061  
5.265915081  
18.45849307  
19.50485506  
-14.5014138  
22.86510904  
4.29923029  
10.50044019  
-5.699566683  
-20.40410762  
7.770370395  
-22.4831323  
10.15226871  
-0.8113520901  
27.93501491  
-20.5083299  
15.24205132  
-0.1608627523  
-0.3803478686  
19.44258884  
12.01631398  
43.75137901  
24.59171428  
6.443081427  
6.651736823  
-10.24534786  
24.07682869  
48.92529886  
31.75885813  
63.10929365  
20.08392756  
41.4728477  
30.72097803  
42.40562997  
22.8021859  
10.13232945  
42.13348078  
1.564556338  
50.29658553  
27.77230416  
19.62383695  
-10.01905502  
17.12014091  
-34.53906517  
9.872139848  
-6.14675093  
6.308887071  
42.73739176  
-5.29523365  
19.38093595  
15.96827784  
3.432633095  
17.28526772  
25.60049135  
0.5804018404  
12.54938425  
27.85796444  
17.18959571  
-36.12696384  
4.660753733  
-0.6333523225  
-97.30652584  
9.917307784  
-15.86847806  
26.8921548  
57.16994522  
15.51038857  
11.78621822  
18.76052372  
12.69019857  
34.00025283  
27.43164113  
17.46709883  
14.70421575  
12.84966332  
-55.26503515  
41.27400553  
11.93392859  
20.28466442  
11.92290177  
-26.19355474  
11.6684055  
33.01470017  
59.05905251  
30.53877596  
36.84642783  
0.8368014694  
25.3223763  
-23.43384242  
10.91169466  
102.5754953  
-10.35673872  
38.86307889  
4.196518342  
-2.642994133  
77.78270764  
7.755825679  
30.11552469  
51.009842  
18.36417977  
-30.87567104  
7.39423477  
23.23624853  
16.75344706  
